QuesID,    AnsCount,    QuesTitle
39583153,1,Pandas - is it possible to &quot;rewind&quot; read_csv with chunk= argument?
